att3,att4,att6,att7,att8,att10,att11,att14,att15
40,0.1,1,10,27.2,1800,0.5,2700,7200
40,0.1,1,10,26.6,1740,0.5,2700,7200
40,0.1,1,10,26.6,1800,0.5,2700,7200
45,0.1,1,10,24.4,1800,0.5,2700,7200
30,0.1,1,10,24.4,1800,0.5,2700,7200
35,0.1,1,10,24.4,1800,0.5,2700,7200
40,0.1,1,10,24.4,1800,0.5,2700,7200
25,0.1,1,10,24.4,1800,0.5,2700,7200
40,0.1,1,10,27.2,1800,0.5,2700,7200
20,0.1,1,10,24.4,1800,0.5,2700,7200
40,0.1,1,10,27.2,1800,0.5,2700,7200
15,0.1,1,10,24.4,1800,0.5,2700,7200
40,0.1,1,10,27.2,1800,0.5,2700,7200
40,0.1,1,10,27.2,1800,0.5,2700,7200
40,0.1,1,10,27.2,1800,0.5,2700,7200
40,0.1,1,10,27.2,1800,0.5,2700,7200
10,0.1,1,10,24.4,1800,0.5,2700,7200
40,0.1,1,10,26.6,1680,0.5,2700,7200
5,0.1,1,10,24.4,1800,0.5,2700,7200
40,0.1,1,10,27.2,1800,0.5,2700,7200
40,0.1,1,10,24.1,1800,0.5,2700,7200
40,0.1,1,10,27.2,1800,0.5,2700,7200
40,0.1,1,10,27.2,1800,0.5,2700,7200
40,0.1,1,10,27.2,1800,0.5,2700,7200
40,0.1,1,10,27.2,1800,0.5,2700,7200
40,0.1,1,10,26.6,1380,0.5,2700,7200
40,0.1,1,10,26.6,1260,0.5,2700,7200
40,0.1,1,10,24.1,1800,0.5,2700,7200
40,0.1,1,10,27.2,1800,0.5,2700,7200
40,0.1,1,10,24.1,1800,0.5,2700,7200
40,0.1,1,10,26.6,1320,0.5,2700,7200
40,0.1,1,10,27.2,1800,0.5,2700,7200
40,0.1,1,10,27.2,1800,0.5,2700,7200
40,0.1,1,10,26.6,1200,0.5,2700,7200
40,0.1,1,10,27.2,1800,0.5,2700,7200
40,0.1,1,10,24.1,1800,0.5,2700,7200
40,0.1,1,10,26.6,1140,0.5,2700,7200
40,0.1,1,10,26.6,1020,0.5,2700,7200
60,0.1,1,10,24.4,1800,1.0,2700,7200
40,0.1,1,10,26.6,1080,0.5,2700,7200
40,0.1,1,10,27.2,1800,0.5,2700,7200
40,0.1,1,10,26.6,960,0.5,2700,7200
40,0.1,1,10,26.6,360,0.5,2700,7200
40,0.1,1,10,27.2,1800,0.5,2700,7200
40,0.1,1,10,26.6,780,0.5,2700,7200
70,0.1,1,10,24.4,1800,1.0,2700,7200
40,0.1,1,10,24.1,1800,0.5,2700,7200
40,0.1,1,10,24.1,1800,0.5,2700,7200
40,0.1,1,10,24.1,1800,0.5,2700,7200
40,0.1,1,10,26.6,900,0.5,2700,7200
40,0.1,1,10,24.1,1800,0.5,2700,7200
40,0.1,1,10,27.2,1800,0.5,2700,7200
40,0.1,1,10,26.6,840,0.5,2700,7200
40,0.1,1,10,27.2,1800,0.5,2700,7200
40,0.1,1,10,24.4,1800,1.0,2700,7200
50,0.1,1,10,24.4,1800,1.0,2700,7200
40,0.1,1,10,27.2,1800,0.5,2700,7200
40,0.1,1,10,27.2,1800,0.5,2700,7200
40,0.1,1,10,26.6,720,0.5,2700,7200
40,0.1,1,10,24.1,900,0.5,2700,7200
40,0.1,1,10,26.6,420,0.5,2700,7200
40,0.1,1,10,27.2,1800,0.5,2700,7200
40,0.1,1,10,27.2,1800,0.5,2700,7200
40,0.1,1,10,27.2,1800,0.5,2700,7200
90,0.1,1,10,23.0,1800,1.0,2700,7200
40,0.1,1,10,26.6,420,0.5,2700,7200
40,0.1,1,10,26.6,600,0.5,2700,7200
30,0.1,1,10,24.4,1800,1.0,2700,7200
80,0.1,1,10,23.0,1800,1.0,2700,7200
40,0.1,1,10,22.7,1800,1.0,2700,7200
20,0.1,1,10,24.4,1800,1.0,2700,7200
40,0.1,1,10,27.2,1800,0.5,2700,7200
40,0.1,1,10,27.2,1800,0.5,2700,7200
40,0.1,1,10,22.7,1800,1.0,2700,7200
40,0.1,1,10,22.7,1800,1.0,2700,7200
40,0.1,1,10,22.7,1800,1.0,2700,7200
40,0.1,1,10,23.0,1800,1.0,2700,7200
40,0.1,1,10,22.7,1800,1.0,2700,7200
10,0.1,1,10,24.4,1800,1.0,2700,7200
40,0.1,1,10,21.1,1800,1.0,2700,7200
40,0.1,1,10,22.7,1800,1.0,2700,7200
40,0.1,1,10,22.7,1800,1.0,2700,7200
40,0.1,1,10,22.7,1800,1.0,2700,7200
40,0.1,1,10,21.1,1800,1.0,2700,7200
40,0.1,1,10,22.7,1800,1.0,2700,7200
40,0.1,1,10,22.7,1800,1.0,2700,7200
40,0.1,1,10,22.7,1800,1.0,2700,7200
40,0.1,1,10,23.0,1800,1.0,2700,7200
40,0.1,1,10,22.7,1800,1.0,2700,7200
50,0.1,1,10,23.0,1800,1.0,2700,7200
40,0.1,1,10,22.7,1800,1.0,2700,7200
40,0.1,1,10,22.7,1800,1.0,2700,7200
40,0.1,1,10,22.7,1800,1.0,2700,7200
40,0.1,1,10,21.1,1800,1.0,2700,7200
30,0.1,1,10,23.0,1800,1.0,2700,7200
40,0.1,1,10,23.0,1800,1.0,2400,7200
40,0.1,1,10,23.0,1800,1.0,2100,7200
40,0.1,1,10,21.1,1800,1.0,2700,7200
40,0.1,1,10,21.1,1800,1.0,2700,7200
40,0.1,1,10,22.7,1800,1.0,2700,7200
40,0.1,1,10,21.1,1800,1.0,2700,7200
40,0.1,1,10,22.7,1800,1.0,2700,7200
40,0.1,1,10,22.7,1800,1.0,2700,7200
40,0.1,1,10,22.7,1800,1.0,2700,7200
40,0.1,1,10,21.1,1800,1.0,2700,7200
40,0.1,1,10,21.1,1800,1.0,2700,7200
40,0.1,1,10,23.0,1800,1.0,1200,7200
40,0.1,1,10,22.7,1800,1.0,2700,7200
40,0.1,1,10,21.1,1800,1.0,2700,7200
40,0.1,1,10,22.7,1800,1.0,2700,7200
40,0.1,1,10,27.2,1800,0.5,2700,7200
40,0.1,1,10,22.7,1800,1.0,2700,7200
40,0.1,1,10,21.1,1800,1.0,2700,7200
40,0.1,1,10,21.1,1800,1.0,2700,7200
40,0.1,1,10,27.2,1800,0.5,2700,7200
40,0.1,1,10,23.0,1800,1.0,900,7200
0,0.1,1,10,24.4,1800,1.0,2700,7200
40,0.1,1,10,22.7,1800,1.0,2700,7200
10,0.1,1,10,23.0,1800,1.0,2700,7200
40,0.1,1,10,21.1,1800,1.0,2700,7200
0,0.1,1,10,23.0,1800,1.0,2700,7200
40,0.1,1,10,27.2,1800,0.5,2700,7200
40,0.1,1,10,21.1,1800,1.0,2700,7200
40,0.1,1,10,23.0,1800,1.0,300,7200
